10 8   	   
5
1 1 125 30 0 0
1 1 125 30 0 0
1 1 125 30 0 0
1 1 125 30 0 0
1 1 125 30 0 0
1 1 125 30 0 0
1 1 125 30 0 0
1 1 125 30 0 0
60 8   	   
5
2 1 125 30 0 0
2 1 125 30 0 0
2 1 125 30 0 0
2 1 125 30 0 0
2 1 125 30 0 0
2 1 125 30 0 0
2 1 125 30 0 0
2 1 125 30 0 0
60 8   	   
5
3 1 125 30 0 0
3 1 125 30 0 0
3 1 125 30 0 0
3 1 125 30 0 0
3 1 125 30 0 0
3 1 125 30 0 0
3 1 125 30 0 0
3 1 125 30 0 0
60 8   	   
5
4 1 125 30 0 0
4 1 125 30 0 0
4 1 125 30 0 0
4 1 125 30 0 0
4 1 125 30 0 0
4 1 125 30 0 0
4 1 125 30 0 0
4 1 125 30 0 0
